gain_constant_case: ki_1
mean: 25.720951423166042
median: 25.696776957617764
standard_deviation: 1.887756862851973
minimum: 16.335365295410156
maximum: 32.45427322387695
range: 16.118907928466797
midrange: 24.394819259643555
mode: 25.529327392578125
q1: 25.261396408081055
q3: 26.062024116516113
interquartile_range: 0.8006277084350586
size: 827
