gain_constant_case: ki_2
mean: 27.84284494847621
median: 27.71855354309082
standard_deviation: 1.1286399410275598
minimum: 25.685373306274414
maximum: 31.904420852661133
range: 6.219047546386719
midrange: 28.794897079467773
mode: 28.190553665161133
q1: 27.311412811279297
q3: 28.27286720275879
interquartile_range: 0.9614543914794922
size: 852
