gain_constant_case: ki_3
mean: 27.365498543569466
median: 27.899091720581055
standard_deviation: 1.6612754715749283
minimum: 24.416290283203125
maximum: 32.37736511230469
range: 7.9610748291015625
midrange: 28.396827697753906
mode: 26.382070541381836
q1: 26.26289176940918
q3: 28.40996052984476
interquartile_range: 2.1470687604355803
size: 884
