gain_constant_case: ki_4
mean: 28.097559013678477
median: 28.594763389246353
standard_deviation: 1.3278242186748694
minimum: 24.99536895751953
maximum: 31.800300518095128
range: 6.8049315605755964
midrange: 28.39783473780733
mode: 26.792078018188477
q1: 27.370849609375
q3: 28.743253707885742
interquartile_range: 1.3724040985107422
size: 936
