gain_constant_case: ki_5
mean: 27.73326398894444
median: 27.820587158203125
standard_deviation: 1.3436280456403056
minimum: 25.05130386352539
maximum: 31.716279983520508
range: 6.664976119995117
midrange: 28.38379192352295
mode: 25.93265724182129
q1: 27.00623918748054
q3: 28.35008430480957
interquartile_range: 1.3438451173290318
size: 907
