gain_constant_case: ki_6
mean: 70.76114889571676
median: 75.96566772460938
standard_deviation: 28.46410748086542
minimum: 31.73407745361328
maximum: 100.0
range: 68.26592254638672
midrange: 65.86703872680664
mode: 100.0
q1: 38.098995208740234
q3: 100.0
interquartile_range: 61.901004791259766
size: 630
