gain_constant_case: kd_2
mean: 28.479755309950058
median: 28.49471664428711
standard_deviation: 1.096422733861686
minimum: 26.16595458984375
maximum: 30.892112731933594
range: 4.726158142089844
midrange: 28.529033660888672
mode: 30.86448097229004
q1: 27.89241600036621
q3: 29.225414276123047
interquartile_range: 1.332998275756836
size: 1021
