gain_constant_case: kd_3
mean: 28.43167249171034
median: 28.27985191345215
standard_deviation: 0.9270413667896882
minimum: 26.36300277709961
maximum: 31.057409286499023
range: 4.694406509399414
midrange: 28.710206031799316
mode: 27.608591079711914
q1: 27.880813598632812
q3: 29.031189500024404
interquartile_range: 1.150375901391591
size: 991
