gain_constant_case: kd_7
mean: 27.5388310495246
median: 27.470008054330286
standard_deviation: 1.339390338908014
minimum: 18.064058303833008
maximum: 31.97053337097168
range: 13.906475067138672
midrange: 25.017295837402344
mode: 22.24578857421875
q1: 27.068283081054688
q3: 27.755278176218518
interquartile_range: 0.6869950951638302
size: 878
