gain_constant_case: kd_9
mean: 28.483756988888523
median: 28.27190589904785
standard_deviation: 0.8736681334633906
minimum: 27.271697998046875
maximum: 32.027427673339844
range: 4.755729675292969
midrange: 29.64956283569336
mode: 28.336748123168945
q1: 28.14508819580078
q3: 28.499792098999023
interquartile_range: 0.3547039031982422
size: 866
