gain_constant_case: kp_1
mean: 18.94392399491754
median: 20.813106982238565
standard_deviation: 9.329587712683152
minimum: 5.791877269744873
maximum: 31.014484405517578
range: 25.222607135772705
midrange: 18.403180837631226
mode: 5.791877269744873
q1: 8.981134224512513
q3: 28.205013275146484
interquartile_range: 19.223879050633972
size: 350
