gain_constant_case: kp_2
mean: 19.889171224736742
median: 20.792088192009583
standard_deviation: 8.564816173024159
minimum: 6.895063400268555
maximum: 30.725713267638714
range: 23.83064986737016
midrange: 18.810388333953632
mode: 6.951014995574951
q1: 11.456937789916992
q3: 28.110763549804688
interquartile_range: 16.653825759887695
size: 339
