gain_constant_case: kp_3
mean: 12.479397530345308
median: 5.307812213897705
standard_deviation: 10.02132312832773
minimum: 4.9836201667785645
maximum: 31.32089614868164
range: 26.337275981903076
midrange: 18.152258157730103
mode: 24.234155654907227
q1: 5.135923896461507
q3: 22.131053924560547
interquartile_range: 16.99513002809904
size: 937
