gain_constant_case: kp_4
mean: 23.791560331093425
median: 23.41796875
standard_deviation: 2.282708319721007
minimum: 1.6447818279266357
maximum: 30.65375328063965
range: 29.008971452713013
midrange: 16.149267554283142
mode: 23.159889221191406
q1: 22.949942588806152
q3: 24.186168670654297
interquartile_range: 1.2362260818481445
size: 951
