gain_constant_case: kp_5
mean: 25.503274492017052
median: 25.25789451599121
standard_deviation: 2.433379969769375
minimum: 15.855146195396484
maximum: 30.921993255615234
range: 15.06684706021875
midrange: 23.38856972550586
mode: 25.410781860351562
q1: 23.58290672302246
q3: 27.20112419128418
interquartile_range: 3.6182174682617188
size: 973
