gain_constant_case: kp_6
mean: 26.503298373522618
median: 26.588336944580078
standard_deviation: 2.0453862287029865
minimum: 22.10817527770996
maximum: 30.712017552992034
range: 8.603842275282073
midrange: 26.410096415351
mode: 27.262481689453125
q1: 24.63939094543457
q3: 28.018287658691406
interquartile_range: 3.378896713256836
size: 985
