gain_constant_case: kp_7
mean: 28.538878638083343
median: 28.368207931518555
standard_deviation: 1.2964068051040591
minimum: 21.713117599487305
maximum: 31.359031677246094
range: 9.645914077758789
midrange: 26.5360746383667
mode: 27.722707748413086
q1: 27.9810791015625
q3: 29.283905029296875
interquartile_range: 1.302825927734375
size: 973
