gain_constant_case: kp_8
mean: 69.50383882590577
median: 75.53055572509766
standard_deviation: 22.152996095196215
minimum: 8.095529556274414
maximum: 100.0
range: 91.90447044372559
midrange: 54.04776477813721
mode: 100.0
q1: 49.68751907348633
q3: 86.25265502929688
interquartile_range: 36.56513595581055
size: 1001
