gain_constant_case: kp_9
mean: 37.530870450749745
median: 28.760089874267578
standard_deviation: 18.34007906989357
minimum: 5.2550530433654785
maximum: 88.63356018066406
range: 83.37850713729858
midrange: 46.94430661201477
mode: 76.86544036865234
q1: 25.533043289918098
q3: 41.571156925343814
interquartile_range: 16.038113635425717
size: 1006
